00000000001100100000000000100001
00000000000000101000000001000001
00000000000000000000000001100001
00000000000001010000000010000001
00000000000000000100000010100001
00000000000000101000000011000001
00000000000000001000000000110111
00000000000000010111100000100011
00000000000000011011100001000011
00000000000000010111100001100011
11111111110110001100100010000111
00000000001100100000000101000001
00000000000000000100000001000001
00000000000000000000000001100001
00000000000001010000000010000001
00000000000000101000000010110011
00000000000000010111100001100011
00000000000000001011100101000011
11111111111000101000100000100111
00000000000000000000000000000000
